query_id	doc_id	doc_score
1			671			0.3104169113651146
1			385			0.28241325872810463
1			1241			0.2523071491174123
1			274			0.23291174530296727
1			957			0.19249002250335104
1			557			0.18410199362891475
1			1024			0.16320720220920495
1			982			0.16180033425336604
1			993			0.15026072129240592
1			1268			0.14919850781049832
2			1024			0.29405842467675525
2			957			0.260813280666882
2			385			0.22464908775424136
2			88			0.2041204343031422
2			1268			0.17370765279806116
2			979			0.16717005811834626
2			1305			0.16606604211533632
2			466			0.16567041892286583
2			15			0.16179644297836185
2			671			0.15839700175197038
3			1309			0.34351165734555067
3			1112			0.24790795338908986
3			1202			0.2461618053268177
3			174			0.24025570516461817
3			401			0.2063720641998151
3			604			0.20043538365634883
3			1014			0.18673825891382467
3			689			0.17764217333698804
3			529			0.17642138678488703
3			1263			0.17516759061088844
4			551			0.33493530026625984
4			538			0.24300989006690274
4			812			0.2407416977851867
4			1113			0.20918473063633264
4			300			0.20466359832846054
4			1346			0.20316188482414407
4			174			0.18715901910105595
4			716			0.18435651930988659
4			1056			0.1805878037738858
4			1037			0.17313752172393723
5			1205			0.27556960814399256
5			848			0.2349660325957298
5			306			0.20167140980972326
5			570			0.18681242722810204
5			582			0.17498283642760845
5			85			0.17267681383981665
5			167			0.16601843958115253
5			528			0.16501596990355477
5			174			0.14942299771154255
5			973			0.14012855169252347
6			1058			0.2529671730911084
6			788			0.24900732508435186
6			276			0.20023855201806842
6			133			0.19665248934580015
6			1209			0.19242036152226244
6			313			0.15654066219455848
6			968			0.154723698232235
6			1317			0.15190426056431636
6			259			0.1437916427405539
6			210			0.1394497126991776
7			794			0.32218541970225156
7			412			0.31388945263237356
7			1174			0.2520663379158778
7			674			0.24969659662935237
7			444			0.2487296453365893
7			380			0.23793875993326033
7			617			0.22759061584588264
7			1066			0.22168669004141034
7			452			0.22100151310341692
7			609			0.20560908540842907
8			292			0.33668130918895056
8			1025			0.3072581959106574
8			706			0.260209981561868
8			1149			0.24727578725669838
8			609			0.21314354296594998
8			1066			0.18686641073661364
8			450			0.16694321686033917
8			597			0.16435404435899792
8			1184			0.16213905920814042
8			930			0.15659410564487386
9			342			0.22258819200129693
9			700			0.20404358044873358
9			765			0.2012620049529521
9			616			0.17220275140809302
9			925			0.15741978083479405
9			31			0.15542192240322608
9			771			0.15246202697882982
9			337			0.14845420407499285
9			1229			0.14443325399122448
9			668			0.1424139751617262
10			513			0.3905051259787776
10			315			0.22729895798112423
10			1226			0.22213455080101202
10			12			0.22105966873866034
10			1281			0.2088381369651316
10			671			0.19089663945196683
10			643			0.18302864677532943
10			1201			0.17758808241239993
10			1235			0.16635646758813238
10			884			0.1612726528487374
11			404			0.2699332717018975
11			873			0.22853976663100284
11			939			0.2042917661604135
11			259			0.17748391986447398
11			735			0.1627651547884023
11			331			0.16264799262500934
11			702			0.15476030698043058
11			519			0.15226781495139635
11			750			0.15049781561383874
11			76			0.15005928732155918
12			141			0.2288548171254906
12			56			0.21556560873464864
12			671			0.17182596701202793
12			337			0.17031201823862469
12			15			0.16791323404101388
12			1375			0.16786374996684916
12			1239			0.15326030099766857
12			289			0.14677377444249531
12			683			0.14356951496062542
12			1259			0.13474403394099607
13			1069			0.6672505104756864
13			96			0.2770925973670555
13			1306			0.2568000964657234
13			53			0.24673594055512363
13			1015			0.19986508543755616
13			1301			0.17623267355616984
13			1145			0.16714075881090526
13			864			0.14756950816648473
13			1160			0.13334718006162444
13			716			0.12564250403523036
14			788			0.2481008092638673
14			636			0.17988387118827526
14			1222			0.14519865221166464
14			988			0.1338406988801945
14			1163			0.13349983607880478
14			671			0.12420017071616335
14			502			0.12083970341713937
14			1107			0.11554366516675055
14			655			0.10648915096407968
14			875			0.10624399980410912
15			1068			0.6558878965627146
15			853			0.22190879516920178
15			1355			0.19779434147688052
15			1263			0.190142227486216
15			1167			0.17536949723121956
15			1387			0.15011534805621388
15			1212			0.1409050563831721
15			1289			0.12883019929323736
15			1308			0.11368131227956307
15			1149			0.10357605011823168
16			1082			0.2674565962758543
16			614			0.23068761809169253
16			506			0.21941757316338945
16			670			0.18226570317606886
16			203			0.16083005468290967
16			1136			0.15601151026987964
16			361			0.15418433580692054
16			271			0.15281922856128516
16			331			0.1459926418295115
16			1180			0.14490388528342432
17			271			0.26925466803467757
17			361			0.20318159372154793
17			1013			0.18011842631347175
17			809			0.17406704149074498
17			617			0.16658967716413675
17			695			0.16434581745740912
17			692			0.16355425080914462
17			174			0.15939587141416758
17			188			0.15148405200569154
17			648			0.145881010096919
18			670			0.2432648104857869
18			81			0.24235344048707436
18			1066			0.22844874464600795
18			198			0.20067427660154108
18			1082			0.19916307935605354
18			930			0.18882668180052264
18			999			0.184326043933558
18			597			0.17725036575421219
18			609			0.1731208502287737
18			450			0.1662149477397844
19			922			0.3063164633371471
19			560			0.22350533719043209
19			399			0.18088869304703367
19			54			0.1742571801395999
19			832			0.16894530572310076
19			110			0.1676945138970276
19			1171			0.15671704254617558
19			1355			0.15132315737505952
19			221			0.14560423311707635
19			670			0.13994155483138027
20			71			0.3259618891617115
20			337			0.2692212802179983
20			505			0.17266556364543467
20			580			0.16888997732041433
20			306			0.1656397093510716
20			1203			0.15885125626244004
20			426			0.1494764604887682
20			221			0.13973072819996496
20			572			0.13762429154528777
20			871			0.13682944775319458
21			798			0.18933927230120917
21			1040			0.18186152451717524
21			459			0.18053390547883122
21			1002			0.17299413208027584
21			1029			0.16148517435417298
21			967			0.16013149906409033
21			1252			0.15785961454522118
21			344			0.1551321808866574
21			197			0.1463214935486375
21			1312			0.14100774830264948
22			496			0.24627040775598058
22			598			0.21768394891723997
22			840			0.1990300291725231
22			466			0.18390517562106795
22			800			0.17653025603900266
22			560			0.16797137546721236
22			897			0.15265202789940363
22			905			0.14823437866676392
22			246			0.13420202493900463
22			161			0.1337696391435542
23			957			0.2362333610155339
23			561			0.2131453189648007
23			390			0.20156879142417378
23			1339			0.17494450590698885
23			39			0.17415632731181388
23			1273			0.16293037829153442
23			538			0.1603152796065908
23			547			0.15666347524843108
23			1210			0.15385197590517466
23			211			0.15253073334185013
24			90			0.4393292662349855
24			992			0.23832837530498976
24			896			0.20323492964198153
24			817			0.2010008909299957
24			1229			0.19922132175879226
24			223			0.17677669529663687
24			688			0.164380515392409
24			142			0.15132571982009108
24			702			0.13754785944033032
24			1024			0.1362000023394709
25			340			0.37807976174247293
25			1035			0.2702549916004366
25			186			0.26594165258271396
25			180			0.24303262878386409
25			648			0.2219117573760192
25			284			0.21190021407916868
25			294			0.20713385246659333
25			1336			0.20662375820618212
25			1153			0.18550478666084835
25			788			0.18031386920234338
26			1221			0.2285938212634133
26			1153			0.19599788450282937
26			1171			0.18324379251983616
26			859			0.17673429626055262
26			152			0.17218914852022743
26			875			0.17207816829109907
26			6			0.17080928317867408
26			1362			0.1673861145921482
26			1140			0.1650322380186819
26			1356			0.16450915105125224
27			586			0.36506809184363775
27			1243			0.3039604582307713
27			1373			0.16945888149383306
27			788			0.16214445573438613
27			526			0.16201617524987247
27			336			0.1590315439170528
27			943			0.15272463407827902
27			314			0.14430946747602533
27			1390			0.14032005382916898
27			928			0.13695989339081377
28			650			0.1728018458245263
28			761			0.17113892762015517
28			189			0.15473465911714346
28			788			0.13807872889233522
28			1174			0.13090341376084813
28			400			0.12906075076030904
28			187			0.12814639369430134
28			603			0.12790457500098806
28			373			0.12065329830146583
28			1323			0.11900601836521196
29			224			0.22312760743902374
29			189			0.22100065824177487
29			449			0.20936771689728523
29			1059			0.20832777410842135
29			24			0.1961522636067691
29			15			0.19379244278090305
29			39			0.19316997858064755
29			1047			0.19142832972212165
29			207			0.18819635151684527
29			306			0.187281056518108
30			207			0.2654835168731725
30			342			0.2496030275887114
30			1179			0.2228261261901749
30			827			0.2192127857117945
30			189			0.20096613369291177
30			15			0.15621284791781986
30			449			0.14900185879782196
30			1020			0.1443851589475193
30			39			0.14271237651830948
30			224			0.12641131352308327
31			605			0.27885765625491304
31			1153			0.2236413607039453
31			1029			0.21181611560558156
31			794			0.19436312700497116
31			1163			0.17620864918955523
31			834			0.17189646089075436
31			56			0.14190166708940594
31			600			0.13533513526336757
31			984			0.13533475025614555
31			361			0.1333883265561152
32			839			0.5622778243624675
32			145			0.18178332167014025
32			1273			0.17257345992937664
32			76			0.1691353605888821
32			939			0.1564378699325045
32			702			0.1469911506165184
32			1054			0.13741067362222123
32			519			0.1241917842713553
32			323			0.11597643688292189
32			1058			0.11049570652825157
33			1133			0.3344633187861673
33			270			0.23929990842197993
33			106			0.1920739192557532
33			653			0.17584256177214014
33			560			0.16170111037959173
33			1140			0.15536789332998574
33			618			0.15308246109332044
33			15			0.15008420587485374
33			918			0.1497306745039125
33			422			0.14841790440827213
34			249			0.23825695430426208
34			846			0.21820188184457223
34			1133			0.20263697168596884
34			1131			0.19838609617748235
34			363			0.19362845379349314
34			998			0.18861584188407504
34			106			0.18069464110342148
34			844			0.17951492678388478
34			1300			0.17467929678060096
34			560			0.1740492766765413
35			827			0.23852150745308737
35			551			0.22491811125167727
35			1244			0.20868871117436436
35			997			0.19838635360662765
35			300			0.19144791404675615
35			1113			0.18636868370943038
35			1220			0.16903085094570333
35			383			0.16861544464428713
35			1271			0.15793557363123253
35			660			0.15510820126432945
36			668			0.23638926766309695
36			815			0.20209695788041632
36			441			0.1675962368397123
36			533			0.16662921570483555
36			246			0.1576845409611373
36			1119			0.1474107992694501
36			1298			0.1472596624322278
36			800			0.1471343819917016
36			626			0.13707436640004234
36			423			0.136995906414831
37			1066			0.17413705492639767
37			626			0.17138228984040782
37			775			0.16428007529872257
37			1265			0.1625050610412355
37			999			0.15060564895846815
37			347			0.14284330842816742
37			670			0.1392586998277997
37			1391			0.13737320617293167
37			946			0.1367948664683398
37			315			0.13068248727278825
38			55			0.21679835327757474
38			1286			0.18925652050907446
38			327			0.1693119433478513
38			450			0.16382157833900737
38			939			0.15982682024655365
38			695			0.151815247583471
38			670			0.14421295538337708
38			617			0.14052378379558658
38			910			0.13868761455590792
38			682			0.13804693336834484
39			884			0.2850772842370416
39			1140			0.25091506550265363
39			1350			0.23699270105566922
39			1383			0.22980803833285435
39			55			0.20792745536800833
39			1089			0.19223676543070392
39			1295			0.1804517588407222
39			1317			0.17442561845104057
39			139			0.1587787426339867
39			1205			0.1526751975217664
40			55			0.32720011055067844
40			884			0.24185523430153297
40			1140			0.2227641472788398
40			1350			0.21658281151543074
40			1089			0.21297078766078287
40			1286			0.20741847127089696
40			1383			0.18765510181156947
40			1205			0.1679004560184239
40			1295			0.15555555548328912
40			1265			0.1416466022238367
41			978			0.4497110366045743
41			450			0.3640003023098495
41			670			0.2495781290033231
41			376			0.20952254557733474
41			1042			0.20896806600475637
41			1306			0.189475347179207
41			82			0.18004295368277
41			198			0.17118534510077965
41			902			0.16083383817644692
41			327			0.15930890442582055
42			1352			0.3243414114565273
42			1371			0.2375302698857788
42			1069			0.17493667368913163
42			428			0.17166960154453317
42			507			0.16723525077236162
42			572			0.1648535826039837
42			408			0.16481451370488198
42			486			0.1621526773970235
42			1033			0.161441050834372
42			744			0.15451075861392596
43			76			0.18131196213982018
43			507			0.17102831567036425
43			297			0.16170817409069316
43			96			0.15680311524806506
43			486			0.14643416661285893
43			1069			0.14425196254520414
43			428			0.13881559991276365
43			745			0.13870350200164788
43			1042			0.13513816250261285
43			366			0.13252748722309204
44			335			0.38766983665068705
44			315			0.18741924616406244
44			848			0.16367430921380774
44			1029			0.16289455849068285
44			117			0.14219158081407676
44			602			0.13966488057863713
44			869			0.13752065408954967
44			1243			0.13664800295817467
44			48			0.12883476880182623
44			174			0.11593665839160261
45			675			0.2284520559448051
45			306			0.22348246305319072
45			671			0.2198962173650402
45			668			0.17836550421215736
45			529			0.17097300229672163
45			994			0.16654075994102807
45			1163			0.1661295279756116
45			1241			0.1657474103546761
45			6			0.1633671117494028
45			939			0.15927690173373085
46			668			0.21848925818353723
46			529			0.20146545425967755
46			994			0.20059774383656298
46			246			0.182148742114413
46			987			0.1728601510853248
46			451			0.16639931313183642
46			808			0.16630909586286974
46			671			0.160867900198386
46			683			0.15297721018037874
46			719			0.15282057416810357
47			939			0.2913837537906086
47			671			0.2587548771869007
47			755			0.2450500822969686
47			581			0.20450793831263336
47			6			0.20367787622675837
47			120			0.18902753106459197
47			608			0.18671982241721308
47			24			0.18451838875706397
47			719			0.17710529615555587
47			675			0.17676495231404005
48			1371			0.34701488840099726
48			864			0.2899022685642176
48			393			0.1930918131479028
48			189			0.17943933406875848
48			856			0.17637767253334588
48			1305			0.17302018952651385
48			24			0.16365132702149246
48			15			0.16056394627673984
48			408			0.15968369426865334
48			237			0.15936803520956003
49			1293			0.4518914469885417
49			1311			0.32055054185399195
49			1025			0.30914878672777907
49			1110			0.23797505657918652
49			1253			0.22011595087551764
49			271			0.2049960885699503
49			592			0.1918497163797014
49			166			0.18202403910190293
49			1180			0.1790148785291556
49			259			0.1784770194508621
50			671			0.32556886078868674
50			232			0.22015356174881484
50			762			0.2121354839269663
50			683			0.2003455328385294
50			939			0.18204445659542778
50			139			0.1678440326984389
50			793			0.16715419010562346
50			408			0.1604975331870028
50			441			0.15110197882526188
50			519			0.14966659569734153
51			671			0.23476014738756676
51			517			0.2180413011626554
51			361			0.20070137693967233
51			788			0.19940531401077444
51			809			0.18705063647884734
51			519			0.18146501496373196
51			939			0.18065697036710582
51			683			0.17488911269204305
51			910			0.16936344003445652
51			94			0.16136267832394785
52			671			0.2808059209125833
52			788			0.22481901148391986
52			762			0.2099758224747747
52			232			0.20180102453448887
52			683			0.17633286226973358
52			809			0.1703869704432256
52			1221			0.16112611654076417
52			282			0.16014195596944975
52			765			0.1536217079554691
52			31			0.14966659829053083
53			397			0.34032834033085363
53			433			0.21207392607847542
53			133			0.18175537532576763
53			747			0.18101034115465442
53			862			0.178697281732846
53			1196			0.17806174361156019
53			466			0.17491339567311867
53			925			0.17470929412063563
53			671			0.16519400633148743
53			907			0.16355487672516678
54			668			0.30186945943932647
54			994			0.2263387710745811
54			946			0.22260177422473637
54			987			0.20840023270101501
54			246			0.19462877115811061
54			529			0.19362866562748354
54			451			0.17987748058404246
54			221			0.1789335247478293
54			818			0.17215245486081043
54			98			0.1706762197700054
55			788			0.31463942650239696
55			671			0.17037316836688973
55			197			0.16967682334438589
55			529			0.16465717341416167
55			94			0.15284009311929947
55			309			0.15140178213982092
55			1013			0.15082936731313745
55			1310			0.14556599701186881
55			451			0.14316277140317307
55			346			0.14215506661317936
56			779			0.45420877954138167
56			957			0.32430986088745467
56			935			0.2418016955921598
56			788			0.22201621389969106
56			665			0.21774642597007715
56			1048			0.21381050594689952
56			1254			0.2002882349296357
56			938			0.1935224763752515
56			537			0.18170505776856782
56			1044			0.16578031125745135
57			692			0.22486011074380882
57			1386			0.2011337041768634
57			1301			0.18940728401245766
57			446			0.1792700054798632
57			1373			0.15803413900854732
57			631			0.1543177087420718
57			779			0.13848781477025476
57			1069			0.13848094204732928
57			1139			0.13503890764806145
57			937			0.12889019458455186
58			690			0.22007066835042566
58			337			0.20460094594862452
58			1136			0.18489278858391414
58			603			0.17288860470355405
58			800			0.17133685743931168
58			930			0.16573722649644032
58			394			0.16572931154069218
58			976			0.16115173241914021
58			369			0.15687049143316054
58			773			0.15082200934414366
59			394			0.23339862129667582
59			603			0.22426291785466268
59			369			0.2041241452319315
59			788			0.18887423343396692
59			1301			0.15877137152421913
59			1184			0.15835662387793523
59			549			0.15616145592798705
59			1091			0.15605395491153903
59			505			0.14536780925997456
59			1140			0.14292125728294952
60			1293			0.4144379459698747
60			1025			0.31375798367303265
60			1253			0.20116645357017945
60			799			0.17922713569155438
60			1127			0.17840902138632736
60			259			0.17589023555155447
60			305			0.16906871125653233
60			788			0.1585241567374293
60			719			0.15711759821153043
60			104			0.15469231272366793
61			91			0.2669621565331053
61			98			0.19975119310073455
61			774			0.18759014491102938
61			930			0.17600541189725008
61			719			0.1681199984472871
61			946			0.1547957083601199
61			734			0.14371661169129193
61			957			0.14367566186750463
61			35			0.1421696408398718
61			924			0.13952089461355432
62			1146			0.253751624797195
62			409			0.2497199736809134
62			658			0.2179065296056297
62			1301			0.21232670097366535
62			352			0.20404725490452408
62			549			0.2018464702502345
62			1096			0.19618794411547066
62			1400			0.1840823197506627
62			690			0.1752670750190521
62			425			0.15141965043651037
63			702			0.163893490393394
63			1006			0.1467543523639176
63			1163			0.14508437310108788
63			735			0.14062188144631532
63			269			0.13656560160696013
63			929			0.13319335019551076
63			224			0.13316267433315082
63			945			0.13282965254868465
63			1058			0.1269574270663514
63			930			0.12610476731673945
64			717			0.24161027196726947
64			577			0.18627710837251993
64			1285			0.16760842845744597
64			1020			0.15943940333591222
64			644			0.14411143047660785
64			1118			0.1428139597851671
64			938			0.1402998575425809
64			190			0.13799822013085666
64			1229			0.1362718640986841
64			1237			0.13421354651812026
65			546			0.2973982810092147
65			875			0.2789518624083184
65			1004			0.1901195079238331
65			1216			0.17670396013536743
65			120			0.17288184973751172
65			283			0.17265503891035094
65			147			0.17257701481777496
65			190			0.16645027886548058
65			1203			0.16585830046274583
65			327			0.16486197293470733
66			1236			0.32871765943511216
66			671			0.27915472316395284
66			144			0.23355916528586596
66			442			0.20608807821861827
66			111			0.2013066054628
66			1286			0.19813647857059702
66			6			0.1888586423058363
66			1358			0.18375128386636172
66			505			0.18041643201093033
66			683			0.1762383249202778
67			1140			0.18581738199980302
67			259			0.18156033727102774
67			327			0.1774740118959745
67			45			0.16630146826975226
67			352			0.1603336827298943
67			671			0.16009904899640487
67			415			0.1589161813122345
67			943			0.1561342997214069
67			190			0.1549612030630665
67			875			0.149981456880732
68			1002			0.2878570530516921
68			425			0.2801353583627838
68			529			0.2435599681393029
68			840			0.19867228239285445
68			719			0.19335233374090452
68			601			0.18296872572772505
68			930			0.18070330882788027
68			884			0.17191216770789075
68			1350			0.16361963968471432
68			540			0.15834390195510986
69			505			0.17841926227637261
69			675			0.17123065345342847
69			111			0.1703225480457013
69			1096			0.16300049809761144
69			1184			0.1626101335186153
69			467			0.155431842381977
69			1236			0.15514977797129562
69			957			0.15470112985166848
69			608			0.14737652948430394
69			549			0.14723558664848743
70			1216			0.20250804916824464
70			675			0.2003404222254273
70			446			0.17233301558921174
70			871			0.17196839935685415
70			671			0.14625482905854764
70			793			0.14370605556971427
70			1214			0.14362377767529907
70			1037			0.13620933739720287
70			6			0.13268609024610106
70			1096			0.13225094304506602
71			671			0.27264531507092843
71			675			0.22225114976391946
71			1241			0.20577877289089952
71			939			0.1939221557263738
71			1340			0.19086596414117765
71			306			0.18448743133509612
71			6			0.17311840308371995
71			674			0.14946219349822404
71			605			0.14844257955994716
71			636			0.14592079927916168
72			1163			0.25347456309186917
72			1317			0.23588666311066242
72			671			0.2113521786217014
72			788			0.20848386223934642
72			745			0.1760517840880317
72			897			0.16475671928808805
72			675			0.16205102887738848
72			775			0.15540164390750705
72			939			0.15393155345682763
72			918			0.14851915243057387
73			89			0.33778823033216704
73			1205			0.2851336912648777
73			602			0.2733704213378994
73			1340			0.2605572505514445
73			1241			0.2568015433422969
73			306			0.24539921122662595
73			336			0.2085587517442953
73			695			0.19996707210436956
73			120			0.18922629212591172
73			528			0.18845309435535362
74			306			0.29771056288967196
74			538			0.24348185170078182
74			683			0.2251809045125023
74			884			0.21767084539841877
74			671			0.20155063861212189
74			237			0.19870017962235023
74			1280			0.18216065041013557
74			719			0.1774218086944895
74			1229			0.17336455181200564
74			1172			0.16647437597426357
75			35			0.24909127829745714
75			1355			0.19872510844898497
75			671			0.19754333054457765
75			695			0.18868442911764294
75			433			0.179521692586352
75			577			0.17935113209688894
75			1205			0.17831395122658164
75			765			0.16398051148052858
75			949			0.15409425460980136
75			443			0.14919401176631847
76			35			0.25066615853518226
76			477			0.2032524894601319
76			671			0.1815100017331328
76			1317			0.16787736664448494
76			1216			0.16667583070069802
76			1140			0.16300564166635725
76			788			0.14839771173522825
76			884			0.14722367400843617
76			443			0.14576986834166425
76			1205			0.14476905771969753
77			671			0.2872691466312451
77			643			0.23919767196350478
77			1317			0.20828143139500094
77			636			0.20399182249757608
77			1340			0.2032253211252115
77			1157			0.20131229715287188
77			884			0.19005111788317602
77			1163			0.18994149130636556
77			910			0.1687980779302713
77			1395			0.16456721969562982
78			1255			0.5846115905303848
78			1315			0.4445431529315801
78			683			0.25354540077320115
78			682			0.25
78			1319			0.2114965695111793
78			662			0.2012453489610216
78			399			0.18593378396096188
78			577			0.171394724565026
78			826			0.15367595183363428
78			105			0.1354689408781503
79			53			0.24823372822505252
79			566			0.17430846497970623
79			1078			0.16708558826024367
79			519			0.16219539057875154
79			1340			0.16008879668372084
79			849			0.15407363023101608
79			414			0.15061226802462255
79			380			0.14605974528603505
79			1163			0.14279296255066282
79			914			0.1360731032002493
80			1329			0.22137331696280882
80			1163			0.187708537615171
80			276			0.1875326562346896
80			55			0.17876457096058354
80			1179			0.16910306341446166
80			56			0.1685939759234927
80			150			0.16768789745791832
80			1189			0.16642047326090195
80			606			0.16609764359149246
80			191			0.16462832207588085
81			844			0.20515796962584412
81			538			0.2018702013132587
81			336			0.1883857798967351
81			890			0.17622757202964418
81			424			0.1641678897813797
81			1370			0.16112626763042154
81			62			0.13167589626791318
81			916			0.12618649936384413
81			972			0.12419610709668019
81			36			0.12253037974707608
82			15			0.3307564090720161
82			287			0.2702253928979385
82			269			0.20841047912718424
82			1032			0.200772821387401
82			1305			0.1779868353164282
82			56			0.1742414694563258
82			715			0.17271776495036656
82			424			0.1649215799569785
82			1031			0.1605643427734591
82			775			0.16009022364958006
83			928			0.477172605103819
83			812			0.13589932269148133
83			1037			0.13561879043199804
83			1285			0.12556292927906504
83			788			0.1225732112927678
83			502			0.11534349684098044
83			636			0.11312844252021943
83			1171			0.1131081152903069
83			1395			0.10226287066511414
83			15			0.09923242648832062
84			626			0.28299359922579076
84			1122			0.21922092225089576
84			529			0.18098331762819259
84			930			0.1781253884837356
84			976			0.17680963514818238
84			671			0.16994255475002867
84			519			0.16790200626067273
84			779			0.16340839076280902
84			800			0.15840755789358374
84			85			0.1546775215922061
85			788			0.3731478097305091
85			918			0.23064564758276332
85			967			0.21827549470569865
85			1317			0.21728468672071832
85			625			0.20140005801571706
85			884			0.1776655717861715
85			1140			0.17600894666380879
85			1122			0.17383179561500461
85			53			0.17215536640556128
85			15			0.16859325061273517
86			850			0.3932711219299461
86			637			0.2527205043449291
86			867			0.2263103835435952
86			838			0.19252743284914722
86			918			0.179771993644306
86			644			0.160494717006961
86			1156			0.14795012941012192
86			634			0.14615998880480724
86			15			0.14436608763349654
86			1140			0.13943618554242382
87			864			0.18605137481781925
87			1157			0.18157744681282068
87			667			0.18022166941801596
87			306			0.17666532002673738
87			76			0.16954999771180415
87			933			0.16748440205065027
87			1222			0.16385367279016527
87			788			0.16324734059452842
87			764			0.1611802094361732
87			1340			0.16039841303621433
88			585			0.5039956442001106
88			324			0.41470506454051864
88			345			0.3766786165227896
88			880			0.2961024535522389
88			333			0.27188161632944036
88			1008			0.26057620187820624
88			904			0.254765381547778
88			135			0.24867805819468436
88			827			0.22337741961776503
88			230			0.21568630059164812
89			1317			0.2782967130200752
89			788			0.22484472270631506
89			1118			0.2175185963810566
89			455			0.21572605837204126
89			1088			0.2135551431143959
89			514			0.21322080383546596
89			241			0.1968051948493817
89			1313			0.19368577144959453
89			493			0.18253761424747728
89			951			0.17771438752385588
90			453			0.2944673544064665
90			682			0.26036610156001216
90			669			0.21171143064735498
90			788			0.20113225997602358
90			36			0.18010007815691825
90			864			0.17349673552403228
90			107			0.1641898468058723
90			1122			0.1544806543533992
90			908			0.1482796154548264
90			961			0.14238002361688415
91			363			0.2595872525420379
91			361			0.20818738185934474
91			1313			0.20393791581550513
91			1317			0.20238558431935938
91			249			0.17841168214022984
91			1133			0.17505679976897293
91			1334			0.17205800939626617
91			255			0.16890099549305876
91			671			0.16254732274909509
91			408			0.15968369426865334
92			953			0.311758331813311
92			466			0.29097602990052707
92			396			0.284973652883548
92			632			0.22840625658668012
92			1161			0.2278044006418949
92			158			0.21895057734052337
92			695			0.2087182079137693
92			189			0.1846466001105464
92			935			0.16385009645669085
92			69			0.15207101833126682
93			1098			0.6976433699906838
93			174			0.19131184183498923
93			44			0.17999397395156302
93			436			0.16983779214463815
93			1066			0.16534451470744488
93			1174			0.16272632833881617
93			1309			0.14969219415889634
93			1340			0.14177486739324274
93			929			0.1411567149709141
93			1163			0.13832522016775528
94			930			0.26490756082237793
94			34			0.23189482284660498
94			671			0.23120385424407724
94			794			0.23069188178445046
94			308			0.22645112028472322
94			1340			0.2077443314551431
94			1037			0.19674318940079324
94			98			0.18408015792868548
94			626			0.1823738341051691
94			668			0.1805932964563599
95			425			0.28551942950172005
95			930			0.25129322543370186
95			4			0.23744268544991548
95			34			0.20424670686751023
95			1229			0.20146885311130341
95			679			0.18156988507782174
95			1002			0.1799138215210238
95			14			0.17319269132305665
95			668			0.169512455697814
95			1340			0.14457384646370824
96			1305			0.17336879866814592
96			1228			0.16282173436869962
96			398			0.15480697147289355
96			390			0.1529319294525664
96			463			0.14893416897833667
96			902			0.14673006055117915
96			296			0.1443983996206431
96			928			0.1432217545273322
96			603			0.1428467586912992
96			189			0.14189549211448707
97			935			0.27321495261445844
97			715			0.2690343701784963
97			1228			0.23864818643039515
97			665			0.18607913930465803
97			873			0.1741368021279509
97			788			0.1722083536333461
97			94			0.16949755400979574
97			671			0.16920056299228317
97			819			0.16415183379166576
97			910			0.14844774698378455
98			937			0.38871249579980827
98			393			0.31121053344733385
98			455			0.22918037720439796
98			15			0.21635239239316428
98			297			0.19858746545720818
98			331			0.18899511382686204
98			1373			0.18646423873323315
98			506			0.16932507043722406
98			364			0.161744898561056
98			788			0.15915588473923634
99			447			0.43302337437464594
99			688			0.34801514262159206
99			644			0.3347612901981835
99			1294			0.2802844937281166
99			281			0.2262712346967378
99			621			0.22197475285192614
99			69			0.2186693538867401
99			1260			0.19909092694367053
99			85			0.16966786592477356
99			1035			0.15929470148598154
100			518			0.34759541489913764
100			577			0.3258336984579025
100			826			0.3142224822477163
100			193			0.30169898005298557
100			117			0.28924766449043166
100			650			0.27032614255976284
100			1186			0.24225379893591995
100			863			0.23937661796624937
100			699			0.23931303875051047
100			943			0.23405663440190294
101			1052			0.39612525068118565
101			1171			0.3365992936857838
101			117			0.32136327275756676
101			940			0.275115056762423
101			184			0.2565723709783388
101			1036			0.23902292044926118
101			290			0.23427785912827484
101			943			0.2250696401340325
101			962			0.20802778548478426
101			1164			0.18726794175384365
102			561			0.18936709866948215
102			788			0.15634822068508944
102			560			0.15030872196123224
102			1301			0.1502869815682279
102			1145			0.14125972344758936
102			715			0.13800992478226454
102			383			0.12748276768768002
102			1353			0.12524298579419163
102			870			0.1249843279344654
102			569			0.12227611120501686
103			94			0.3101625114708575
103			525			0.25747414011965475
103			5			0.2528455884443777
103			41			0.2186626491686537
103			671			0.18103718026222496
103			824			0.16706341711883865
103			788			0.16560173808610484
103			1057			0.162829405694394
103			1171			0.16124857149729105
103			1097			0.14221986768873182
104			761			0.27564947633875275
104			769			0.21123073156272515
104			418			0.19308348924263344
104			1068			0.1833478151566931
104			1026			0.1774186552835159
104			518			0.1745342156176199
104			943			0.17200312848681007
104			280			0.1606714287835508
104			298			0.15670718623833582
104			117			0.1481538018232687
105			872			0.5425948293256717
105			360			0.2672612419124244
105			338			0.23496422833811523
105			659			0.15909181373370004
105			896			0.1488245926431131
105			566			0.14051364829495777
105			626			0.13935033738495356
105			632			0.13509388009219198
105			826			0.13324551000435741
105			70			0.12971397714850977
106			566			0.19621137481813095
106			336			0.18887659900165552
106			763			0.17422675122366843
106			889			0.17328208559582667
106			991			0.1621579913307689
106			118			0.15386768338113554
106			559			0.14438090735751427
106			785			0.13869139635197508
106			632			0.13501029598194056
106			1032			0.12144075162989383
107			276			0.5184361615603702
107			280			0.24988741440255935
107			313			0.21398094703124676
107			1271			0.19627471405703806
107			1323			0.18922634533769284
107			1024			0.18153778209985583
107			525			0.1764845459253641
107			650			0.1649390785131473
107			15			0.1622490268763997
107			1078			0.15691525570065698
108			1271			0.37746880212782197
108			276			0.310916454455272
108			244			0.29535300734889164
108			525			0.29458721005803423
108			653			0.2764530824803198
108			827			0.23326905566877199
108			639			0.22978119216254095
108			303			0.21343352386976827
108			543			0.18477796408972624
108			313			0.18021854387112826
109			1206			0.19968200215060267
109			823			0.19438960846024167
109			385			0.19418361360267095
109			1152			0.17618210006350032
109			909			0.1698857866545682
109			1344			0.14796985734095724
109			553			0.13349300444635692
109			1139			0.12993003980456785
109			1101			0.12923423829298236
109			704			0.1290229420819839
110			353			0.18658970239543038
110			586			0.1783978666822977
110			1041			0.1735963892906931
110			1139			0.1680219569178548
110			891			0.16134815225537902
110			1006			0.15713210497428046
110			1052			0.15706788612578787
110			826			0.15656044168565583
110			754			0.15425944015035714
110			1018			0.14798156677144364
111			199			0.29573169958694856
111			1101			0.2888867703037371
111			1139			0.2081832257856629
111			1187			0.1956844360946857
111			172			0.19463231988491406
111			261			0.18499672595945824
111			967			0.18492109040339366
111			577			0.17527966660756505
111			13			0.16640770961347756
111			193			0.159277507816059
112			195			0.36799590604363985
112			799			0.3151068014758658
112			1189			0.1980291102907924
112			150			0.19284472328866387
112			132			0.18747670725603474
112			743			0.16650593334758132
112			1171			0.16020883691282714
112			267			0.15919455859588716
112			225			0.15221162677984987
112			957			0.14867467480038327
113			279			0.22536759286536687
113			56			0.19990558207863213
113			867			0.18007079950783905
113			788			0.15825694105476631
113			1246			0.15710220973611277
113			507			0.15484570445081744
113			408			0.1524461620709091
113			393			0.15184796658801086
113			621			0.14334226078712936
113			1078			0.14228167795924357
114			1224			0.4093823232873958
114			1305			0.2737515288622741
114			1317			0.19688664850427634
114			572			0.1871527031209591
114			56			0.1834880327722463
114			36			0.17113178408966007
114			296			0.1668047750810246
114			637			0.15426556537469785
114			61			0.14991008814307494
114			297			0.14759420135869247
115			996			0.30093772512762945
115			957			0.17775741090861888
115			1290			0.1725206283072411
115			85			0.16570856334196576
115			274			0.16534066309317316
115			919			0.1465981464236689
115			1233			0.1452133056679857
115			884			0.1452046533783687
115			863			0.14378577113365598
115			675			0.13056919890612556
116			408			0.2605320314258217
116			884			0.22802404893540618
116			626			0.2245195258097617
116			1265			0.20490255639009186
116			346			0.17718647510672697
116			283			0.16905966927822344
116			62			0.15892380514311194
116			670			0.14229713067392274
116			198			0.13900468737759686
116			898			0.1330752811175068
117			1373			0.33063767228056257
117			218			0.23499342331186815
117			670			0.19725463649673775
117			609			0.16090475135043195
117			846			0.15944409697693163
117			205			0.1574132635761693
117			466			0.14660474041003882
117			138			0.14639340265274609
117			1020			0.14533660000588883
117			794			0.14052767973817187
118			1306			0.2688818603237553
118			322			0.2414828684987042
118			682			0.22071795688101048
118			1031			0.1923747255619636
118			1313			0.1838158565337986
118			1042			0.18327712199245585
118			1169			0.1634261042710492
118			924			0.1583568523282686
118			363			0.14543056464048604
118			364			0.14391753290820378
119			577			0.3872543555238512
119			537			0.30525827128213656
119			650			0.19548521026485927
119			369			0.19363181096317472
119			193			0.19004047276376973
119			718			0.18249573832827998
119			338			0.14902313277476192
119			665			0.14827643760416498
119			688			0.14521426890727232
119			545			0.14010810197988258
120			529			0.2443850822886126
120			95			0.24007479612412347
120			577			0.23168366594103187
120			980			0.22751047858678114
120			518			0.20069389704410873
120			442			0.19895819570793066
120			1006			0.19146111408632463
120			826			0.18975202045950842
120			943			0.1755399990051552
120			1341			0.17040263250177407
121			980			0.19775544752750074
121			885			0.19520208196730357
121			109			0.1906072486178297
121			95			0.17088639882337622
121			1301			0.17061968330446736
121			826			0.16209364620641323
121			1057			0.1584306787204791
121			359			0.1538325597404777
121			418			0.15173604879274682
121			389			0.15054621861137224
122			718			0.20816551793312915
122			890			0.15482846078862905
122			826			0.15005346897160937
122			9			0.1477470929840862
122			1020			0.14381666419338887
122			178			0.13610631447292143
122			439			0.13345034884479332
122			699			0.13343080041245453
122			1171			0.13216756878779373
122			76			0.13049638391788024
123			319			0.22006012189209123
123			1375			0.2163787683619824
123			918			0.18300687036533234
123			1341			0.17283539458037908
123			788			0.1694298052492184
123			686			0.16519914965573318
123			579			0.16426943836888075
123			572			0.1642188209273467
123			862			0.1626118929130108
123			337			0.1600849734145637
124			1375			0.21309132417769422
124			1163			0.17600626730012628
124			939			0.17485790443171445
124			306			0.1664085759114085
124			15			0.16602337832500907
124			178			0.16262272564538638
124			1140			0.14836840025990247
124			718			0.14613097817710316
124			729			0.14551340505736557
124			305			0.1413845969077031
125			706			0.24550381383862177
125			292			0.2140226138298163
125			1149			0.19723276947356616
125			1025			0.1889822365046136
125			111			0.1827716944894546
125			725			0.17903355028073395
125			419			0.15860514583766264
125			995			0.14134199122312235
125			1313			0.13914117981762505
125			634			0.13765934520941325
126			556			0.35832967816955924
126			706			0.25218288820233065
126			1149			0.23953244335469903
126			601			0.2058990415656337
126			488			0.1892588058399593
126			1025			0.1889822365046136
126			536			0.1659991137572055
126			503			0.16222764845785947
126			979			0.1477227837114915
126			407			0.1337696497146587
127			1136			0.31068501865250564
127			1065			0.2467001027164303
127			244			0.16177332333279162
127			1163			0.15022248875174746
127			1242			0.14812750714579972
127			737			0.14767511842055492
127			76			0.14759171539248978
127			467			0.14739841403627418
127			689			0.1392420372912851
127			1122			0.13475355745514933
128			635			0.3517498516158687
128			474			0.2567923376508382
128			616			0.2226154048671289
128			46			0.2206028492079181
128			513			0.21991160721714856
128			565			0.21504538105094761
128			56			0.1939348924533223
128			648			0.19372045115031572
128			339			0.19179506769970942
128			589			0.18636486863714102
129			635			0.34974794846101737
129			565			0.2769925690927001
129			616			0.26610324533247387
129			648			0.231510199689533
129			229			0.1480178782763534
129			519			0.14482050329331908
129			788			0.14162740848888253
129			1274			0.13872743065806548
129			309			0.13595414604364825
129			1143			0.13264192547002096
130			1206			0.5095213802969949
130			1382			0.3784315461109682
130			13			0.20403248653714928
130			1112			0.19516081579640637
130			1139			0.17969530328997624
130			1101			0.1768594018402996
130			444			0.17209357983380766
130			569			0.17171135421389022
130			823			0.16806498930642624
130			1149			0.16107410390230645
131			853			0.3098868903277568
131			154			0.26719352786232514
131			97			0.2284211829300593
131			758			0.22692240866529667
131			99			0.22351874004426886
131			688			0.22199565962763607
131			769			0.22007334565164713
131			577			0.20634738871915503
131			701			0.2054020651406153
131			109			0.2010151743007692
132			109			0.23400755153297287
132			863			0.19749642309770332
132			113			0.17633391950295124
132			754			0.17462301153177276
132			1041			0.17403611144323694
132			853			0.1664873407644334
132			114			0.16229521561726593
132			99			0.14704048503295936
132			758			0.13809220891679264
132			1377			0.13793778849764138
133			863			0.19749642309770332
133			114			0.18450609197632553
133			109			0.1762006768873191
133			754			0.17462301153177276
133			1139			0.16881148599376736
133			113			0.15721477810752588
133			1041			0.15383551948269053
133			577			0.15169524250544808
133			117			0.14054923014410245
133			853			0.13894205526420358
134			114			0.1999673539652026
134			276			0.19865702065672605
134			1340			0.1952196318428505
134			653			0.19072733191147745
134			51			0.15897349091337118
134			641			0.15792093702102789
134			754			0.15495732158469322
134			933			0.15249292625518165
134			1171			0.1459689702407717
134			827			0.14021343243902862
135			109			0.3058578251097627
135			863			0.27136352025389443
135			754			0.2584652150117779
135			97			0.2540023598823989
135			769			0.25150429887174086
135			758			0.2398115010251252
135			853			0.23829966929186983
135			37			0.21918652079546033
135			51			0.20678325003004294
135			93			0.20603038677497232
136			560			0.315272745369336
136			417			0.2045845113446177
136			1352			0.1934731434756353
136			481			0.18011303648563687
136			512			0.16685300307069056
136			863			0.15960447367428837
136			1171			0.154231761528862
136			29			0.15352521564419438
136			1017			0.1517122080674282
136			1136			0.14541949700286388
137			701			0.3072687042487298
137			688			0.24318046592683362
137			769			0.21408369516514147
137			113			0.20548023146070263
137			93			0.18146390718494804
137			99			0.1716815190897839
137			784			0.1716321453799928
137			853			0.17085192510239477
137			82			0.15416854520795203
137			943			0.15163947089690605
138			943			0.25212210052098094
138			338			0.2168993991692876
138			369			0.20745837119067911
138			566			0.20621289593381753
138			577			0.204897585932085
138			889			0.19939785084790662
138			1006			0.18812664460123243
138			545			0.17820813553369994
138			991			0.169796987346869
138			980			0.16728071653962892
139			943			0.3258763041250351
139			369			0.21567680527101413
139			338			0.20971591080939433
139			889			0.1942673186722385
139			566			0.18601133228866926
139			1171			0.17006933741960562
139			699			0.1681860186688685
139			980			0.16483336693926687
139			117			0.15474510813628065
139			688			0.1521234780359899
140			814			0.3434663893147687
140			1336			0.30087851904442003
140			359			0.25221205278250897
140			1247			0.236146230499223
140			671			0.22695095422513123
140			1323			0.21587419804757674
140			898			0.16266791325153554
140			980			0.16153479819224792
140			1195			0.15469402781432223
140			939			0.15212701006667007
141			1247			0.4435747084675096
141			143			0.18115676181485427
141			943			0.17105603086074975
141			1006			0.168806259826501
141			94			0.16530737923914432
141			76			0.143035334212332
141			756			0.13648352841552414
141			1082			0.13033206686588603
141			1029			0.1266625343884542
141			650			0.11872573912805277
142			814			0.48005687215944964
142			1041			0.3243622410939829
142			695			0.2723545800572276
142			1029			0.25778240750288084
142			206			0.1870905075431339
142			512			0.16731856700143188
142			1323			0.16348221493300683
142			945			0.15986502287958265
142			671			0.15427901977027147
142			980			0.14140902167048452
143			143			0.22213670676778366
143			943			0.2097987571409302
143			1006			0.168806259826501
143			650			0.15759073408432256
143			756			0.15494464507312675
143			1029			0.14706641268712137
143			718			0.14406711521645285
143			267			0.1432676141627424
143			1082			0.1325566550997185
143			137			0.1309660504920015
144			968			0.19506276135016723
144			799			0.19123877398775677
144			1175			0.18790923042986474
144			714			0.18061366110370328
144			276			0.17482153078671972
144			1185			0.16903764973751764
144			577			0.16084660817197408
144			225			0.15540587642277132
144			53			0.14505900306676356
144			338			0.14321984233974683
145			1041			0.20510662284012918
145			577			0.19828399403353306
145			650			0.19809403230526323
145			519			0.17656922702135758
145			566			0.16860342516799237
145			1306			0.16385023738394264
145			400			0.15873832063621462
145			671			0.15177308973945403
145			1164			0.14873470930664084
145			938			0.1470308138584839
146			1189			0.2953838361128332
146			714			0.28294672001511634
146			799			0.2699220031242776
146			225			0.24694147602762556
146			195			0.20988174899996898
146			1029			0.17534221708408637
146			968			0.1680094343826367
146			577			0.16440462100348002
146			276			0.15410895572682878
146			267			0.14077957437782132
147			41			0.46633375155099743
147			824			0.25172643434831743
147			267			0.24254516910941004
147			261			0.2093133010741028
147			353			0.20723481645638603
147			1006			0.20561307238610269
147			1171			0.20423371780001603
147			525			0.1919098932519513
147			877			0.19054721716455184
147			1150			0.1799550035135306
148			41			0.3140161161666212
148			525			0.2604504321196359
148			577			0.237111545213639
148			1041			0.2191140705528021
148			1175			0.21264156178896043
148			826			0.18375536546501745
148			1057			0.17911979367119113
148			1171			0.15326592236204523
148			824			0.15325946603584875
148			530			0.14567556100131246
149			718			0.20098599599458533
149			756			0.17542037333764723
149			943			0.1439497610148578
149			545			0.13903021612779165
149			571			0.13897649614112378
149			1006			0.13149250421604272
149			1285			0.13148834327499412
149			313			0.13097131458536107
149			577			0.1261380321826181
149			826			0.1255107915715198
150			156			0.3057860308963055
150			62			0.27767018826580725
150			1336			0.25297487742554625
150			1302			0.21139635348506186
150			1313			0.20619673244566078
150			674			0.18596844757802738
150			682			0.18459937731296117
150			822			0.18211208198667944
150			844			0.16758317263699912
150			884			0.16550145537140476
151			450			0.24877944553410983
151			34			0.20966388331562702
151			897			0.18142806410493711
151			296			0.16478423239600615
151			424			0.16372320595879875
151			229			0.14028834180085228
151			61			0.1397177479555604
151			875			0.13744274924132818
151			566			0.1362044305401571
151			1066			0.13379258204075514
152			361			0.1817026258323524
152			108			0.17529956580434142
152			788			0.15216661438394669
152			291			0.14486357852017204
152			1373			0.14178947405543033
152			419			0.1385239785546197
152			1032			0.13831931713570073
152			671			0.13633002083905874
152			884			0.13622348389715178
152			937			0.1361929192576052
153			671			0.29596793545773975
153			1360			0.23209461411585589
153			834			0.21083558379966175
153			1253			0.2023962222356901
153			871			0.18365009093616477
153			1285			0.1488374143075613
153			1311			0.1450469105361445
153			1180			0.14120648465941796
153			1238			0.13916750289205143
153			1236			0.1325577826326255
154			142			0.360810988020919
154			271			0.2342595845171096
154			1041			0.21724555169824078
154			46			0.2167379109673038
154			1151			0.20597659850959987
154			1285			0.1963827952162206
154			799			0.18871241111783477
154			648			0.17217536030737224
154			1347			0.17155661664702204
154			580			0.15838981226032933
155			396			0.2673817460377336
155			4			0.22469313888192494
155			665			0.20376988988473688
155			1355			0.19296426797161742
155			167			0.18282109319771817
155			1063			0.1747903323517312
155			159			0.16850417862249234
155			964			0.1499279420456821
155			1387			0.14505446780164646
155			295			0.14455904214536713
156			1355			0.30941175231003726
156			4			0.26466595243824426
156			1387			0.20505787883174448
156			1287			0.18271496626645972
156			1144			0.17646792174979226
156			54			0.16593211724889445
156			272			0.1640934485571119
156			605			0.15258741468363812
156			1154			0.1463697388079969
156			994			0.14610986377173696
157			939			0.23346267098272538
157			736			0.22596736553224817
157			683			0.204854726081226
157			695			0.16975157933351126
157			617			0.1632827439968519
157			308			0.16094651706931615
157			910			0.15759208935722419
157			1346			0.1557324486415983
157			626			0.15474890788690268
157			331			0.1514725142200389
158			12			0.2601574906741013
158			1372			0.21238181207307427
158			649			0.2116167163616449
158			1287			0.19020682407032624
158			1163			0.17142868926221416
158			315			0.1605478540329368
158			907			0.14433756729740643
158			344			0.1359009254367229
158			593			0.13020834430111217
158			538			0.1254755378416365
159			566			0.3702974695299718
159			70			0.20381371887115732
159			336			0.20206127260555656
159			1032			0.19413796310451825
159			547			0.17934563366381762
159			341			0.17922660388628883
159			338			0.17739913579327132
159			502			0.17244579849008912
159			586			0.16992024075124224
159			1390			0.16926163054073518
160			1029			0.4192671987709073
160			821			0.27989630296453655
160			1149			0.18213024510958548
160			577			0.1791139103171836
160			1323			0.17758161209845355
160			338			0.17266314378772332
160			1186			0.17102903416699336
160			1101			0.1677814812229282
160			826			0.16101593949183865
160			359			0.15725309399357032
161			671			0.23317021311192324
161			479			0.22973861382530025
161			260			0.21958548020475238
161			800			0.21083608211521945
161			626			0.1888477448866997
161			1214			0.18776801656233336
161			467			0.1854441642003658
161			259			0.18035279305642476
161			166			0.17883099251819815
161			788			0.1756839789126451
162			260			0.2280894673214196
162			442			0.20038973895310713
162			719			0.1986119004007031
162			166			0.19858513017004975
162			1216			0.1925799411532319
162			1184			0.18807762917916823
162			671			0.1878396677462085
162			1037			0.18248140874846183
162			800			0.18200852608496593
162			788			0.18001957352828915
163			1174			0.2973695003305973
163			617			0.27425144128497875
163			794			0.26677134062572866
163			380			0.24141278862993362
163			674			0.2306094957325325
163			444			0.22083104565118783
163			412			0.21329809122480262
163			452			0.21245679541281567
163			1066			0.20131021101759974
163			1020			0.1963799055097561
164			908			0.2831195879474748
164			682			0.2816146988088789
164			453			0.25105921284185223
164			669			0.21171143064735498
164			788			0.20113225997602358
164			672			0.20019321773562176
164			1048			0.18301070443140444
164			36			0.18010007815691825
164			759			0.17969042884155553
164			138			0.1794325397960795
165			305			0.2247016219775576
165			732			0.18842437725661854
165			875			0.1821725552972142
165			515			0.16780648335057632
165			1301			0.15667683722114395
165			467			0.15289324581659575
165			788			0.14818048814280813
165			139			0.14766193059274457
165			912			0.14411467926124202
165			255			0.14068601033981992
166			732			0.18410045666664976
166			515			0.1832033425836656
166			875			0.16847074844742513
166			272			0.1624255275041085
166			24			0.15097286067692206
166			788			0.14818048814280813
166			671			0.14481883600380102
166			331			0.13602208487564196
166			120			0.13280530496456577
166			1301			0.12682813799614565
167			4			0.3121923909503081
167			994			0.3064323420032487
167			54			0.2933907420731528
167			1355			0.2563126629371774
167			922			0.24683227219020412
167			869			0.20651007109355685
167			176			0.20125345142318762
167			1387			0.18084588672809657
167			44			0.1668427555722154
167			466			0.15715566293576666
168			1389			0.24716621468466038
168			21			0.21735847520103532
168			1314			0.20770210658632135
168			1127			0.15860483018578664
168			790			0.15246973556655072
168			17			0.14768605947049096
168			174			0.1421243246424273
168			1163			0.13881241665109018
168			941			0.13816784632272283
168			817			0.13810358146050733
169			1389			0.24486144159463802
169			275			0.227536816380193
169			1314			0.2195578826219447
169			21			0.21926095351893923
169			817			0.16849324631974477
169			1342			0.16381425154465662
169			1127			0.1622588544308305
169			941			0.15911838379194787
169			26			0.15495389657567515
169			790			0.15035214629825905
170			1384			0.24164453382324128
170			106			0.23922091054977218
170			147			0.23254089295744107
170			1317			0.22839433454209124
170			1116			0.2179333447623398
170			417			0.18433594977593043
170			884			0.18253134240876373
170			1163			0.15790207475042206
170			28			0.15026859440458232
170			834			0.13372802722929614
171			1133			0.37572167545213714
171			270			0.2774483487876954
171			106			0.1980838754848955
171			1229			0.16991628920258756
171			560			0.16676070722309158
171			53			0.15865494763107116
171			918			0.15441571869635307
171			1300			0.1383903992508023
171			138			0.1370918888432754
171			1272			0.1364952215619214
172			1293			0.5487485038953936
172			1025			0.4249652430162606
172			1253			0.23692787512324423
172			1110			0.2253117980371348
172			305			0.18818976966671785
172			1358			0.1824126482421658
172			104			0.17092336772242753
172			1146			0.16564602244270943
172			259			0.1460811193260789
172			671			0.13767197719472019
173			722			0.3355020550281527
173			48			0.2898661314942356
173			113			0.1881360666303985
173			499			0.1838070261139258
173			585			0.1801551298210612
173			572			0.17534699766910614
173			811			0.16673318137307552
173			45			0.14326095608251477
173			280			0.1355701287439141
173			467			0.13480570610802523
174			484			0.22695954033270538
174			906			0.22212512815785923
174			729			0.21086774141520495
174			552			0.20042278063886507
174			497			0.1790655305673076
174			984			0.1630697046594535
174			671			0.1625309342457686
174			1340			0.1609718668432372
174			969			0.15576741420480933
174			1229			0.14958537914121334
175			1375			0.22272200145332305
175			305			0.19865295254987164
175			337			0.19606325017634582
175			1317			0.19236425087409703
175			862			0.16930810314164044
175			423			0.16608593339629127
175			1058			0.16110535295114684
175			686			0.1516568987112076
175			433			0.14535375763218913
175			29			0.1451263131020283
176			1263			0.3038675751785415
176			1136			0.26023466794845196
176			1242			0.21698565819759374
176			113			0.18677195444546527
176			727			0.1842720669698418
176			76			0.16431524407069503
176			467			0.1619079442346937
176			1162			0.16091648265332742
176			903			0.15597829341691244
176			671			0.15568195622551115
177			1255			0.45794485041016153
177			683			0.4381603267212838
177			1315			0.43811050629620274
177			105			0.26920153206704356
177			334			0.20948362216543004
177			1319			0.2090275074373521
177			1035			0.19016262218148727
177			276			0.17864897506046518
177			662			0.16755640955269774
177			688			0.1533171383909555
178			1041			0.2066646884145683
178			30			0.1999589178041594
178			1155			0.1668764952011119
178			1255			0.15691417239770084
178			255			0.14891815282921955
178			105			0.14482238951862098
178			1277			0.14050253447749111
178			1035			0.13865737866728417
178			1399			0.13323956962920597
178			334			0.12250692068823202
179			928			0.32421772980433505
179			145			0.2202164410799821
179			604			0.21549129913530565
179			1019			0.19401814644885115
179			281			0.17608909000516382
179			330			0.16880423173722806
179			450			0.16309758300814828
179			735			0.15310197306685933
179			1031			0.14833807693997159
179			394			0.1473222030626246
180			585			0.4523896765372125
180			324			0.2806450509469952
180			1021			0.24038931759868384
180			1205			0.23281028645054475
180			794			0.1860003478844758
180			880			0.18376527359823044
180			919			0.1797397619451653
180			910			0.1740676276699553
180			1317			0.16236851524713378
180			1008			0.1618030474854122
181			111			0.20177151999083112
181			725			0.20075288391112847
181			995			0.17261164374315502
181			419			0.17131313726784245
181			844			0.14974623355175884
181			1085			0.14634810176295326
181			66			0.1430891017677646
181			156			0.14298014192195757
181			670			0.13642422061656315
181			1398			0.13491016707100262
182			1218			0.7785757077042607
182			297			0.6690672197791461
182			1040			0.26224378297023376
182			745			0.17556721084192178
182			983			0.15778247688120986
182			1340			0.15264928893653867
182			757			0.15237680650153473
182			1305			0.15029766058068367
182			864			0.14807942537143295
182			1139			0.14356759359037888
183			869			0.2638535838928419
183			1163			0.21773192585778045
183			1161			0.21018995587928668
183			396			0.20014266759743482
183			1063			0.17387560581004063
183			158			0.17313839693276928
183			1031			0.17076789106271986
183			227			0.16398210450815853
183			953			0.15833263490396948
183			822			0.14697265537174675
184			922			0.18773264403614215
184			279			0.1688107016077448
184			1355			0.16510034980492078
184			973			0.13896210496433953
184			553			0.13320192266627423
184			305			0.13290592495950634
184			441			0.11952604555644328
184			1078			0.10331270126035322
184			496			0.10027793084208128
184			296			0.09291889778535832
185			1139			0.33031638448915007
185			13			0.2550239441885228
185			1187			0.23095171863359937
185			1206			0.21310307248314792
185			1109			0.2117072191790868
185			1344			0.1989932899564346
185			1152			0.1910735726071915
185			1382			0.16951564589338614
185			779			0.15385704037118023
185			637			0.14573671411992473
186			779			0.24197857926309707
186			682			0.23712763839415624
186			822			0.20928542236288394
186			156			0.20677963996668816
186			1302			0.1812883092854533
186			1313			0.1766062180762364
186			62			0.17367599517259438
186			750			0.1509201386543286
186			197			0.15074046388642023
186			376			0.15065604282498796
187			454			0.21371669332328722
187			400			0.1791003277241158
187			526			0.17407765595569785
187			577			0.16777156287346512
187			943			0.16563336806484785
187			858			0.16530442349345706
187			338			0.16167170396702127
187			699			0.15523540019217066
187			1323			0.14594472588290702
187			545			0.14513077380900427
188			276			0.39377850575302875
188			763			0.2835624084272122
188			525			0.2769290432903953
188			1379			0.25132977459016337
188			280			0.2476572522870733
188			1393			0.23045758717825698
188			872			0.20426470960729845
188			54			0.2029656397731995
188			319			0.19975096477056778
188			515			0.19066256847652202
189			113			0.49176522550164287
189			276			0.22553660280251164
189			846			0.17980349523016434
189			72			0.17008669672928978
189			284			0.16870011140973884
189			76			0.16484143162700599
189			716			0.1567915653326326
189			120			0.13830328267447825
189			537			0.13397459825696878
189			282			0.13358104067023296
190			609			0.19289462432374999
190			717			0.18495341345960117
190			1139			0.18358399613276377
190			1052			0.16897812716468857
190			1153			0.16624726263079884
190			1032			0.1640646510265211
190			957			0.15927936715050847
190			1298			0.15861545790336487
190			566			0.14666908679313576
190			1118			0.1450657870114531
191			1041			0.3267234747051073
191			602			0.283269940601551
191			716			0.20170856885983568
191			376			0.19560816644461035
191			1002			0.17407765595569785
191			309			0.1735919100148033
191			261			0.1595687502898676
191			827			0.15726996524881642
191			1101			0.15339814676667549
191			1139			0.14064714782874627
192			150			0.4725473733745924
192			132			0.270344683493875
192			195			0.2557634497966377
192			379			0.17885823317148256
192			15			0.16523578250168885
192			1257			0.15159361519214842
192			1129			0.1472213140273563
192			1189			0.14216488418702755
192			826			0.13787045283530372
192			799			0.13311732763241435
193			799			0.30055108707703165
193			150			0.2705321182621868
193			261			0.21261007456022873
193			195			0.18533737470436765
193			132			0.1839690686211397
193			1180			0.17523572123578024
193			353			0.1686930869209492
193			192			0.1683531450299559
193			271			0.15900800080106975
193			1026			0.14830771757987005
194			1186			0.21233074008368055
194			885			0.20248422163293092
194			577			0.19598142400771437
194			826			0.18728107055059026
194			1171			0.1848162963228938
194			1129			0.1841686431013159
194			116			0.18126447472591498
194			518			0.18029007245849452
194			472			0.17974369766387427
194			955			0.17620026999103658
195			577			0.25139677210275774
195			298			0.22590523399937557
195			1129			0.20573383117312882
195			826			0.1963181271236878
195			485			0.1950846511892518
195			955			0.1867228943613602
195			1186			0.1784998183081687
195			518			0.17672053084687514
195			885			0.17393513392729806
195			430			0.1694168756742371
196			957			0.19987616956930013
196			1142			0.18322259785256612
196			274			0.1707685958195419
196			1233			0.16893533993007048
196			664			0.16123693107496911
196			141			0.16014281235454977
196			466			0.15582860532611134
196			809			0.13844433036920947
196			1024			0.129633431561457
196			36			0.12953495028373865
197			915			0.296148754763763
197			303			0.28933639324708926
197			1278			0.2204200839491625
197			639			0.2073644914388556
197			901			0.20710705261399703
197			276			0.1854876311325954
197			525			0.17215849982368475
197			670			0.17101191417307257
197			113			0.1640727547942286
197			38			0.16318111855308182
198			1006			0.26310708996193016
198			788			0.2512298134667571
198			826			0.1992336743698818
198			943			0.19012647310585346
198			650			0.1818502813926293
198			699			0.1713019741801582
198			545			0.1636330248910549
198			94			0.16079949854950812
198			1139			0.15904981394323073
198			577			0.15512853093431994
199			247			0.18247460306493252
199			718			0.15777454345828554
199			1041			0.1541899788571268
199			571			0.15267977332989485
199			826			0.15251550460154845
199			1373			0.13407892816706163
199			704			0.13305156278622238
199			1280			0.1301678284382679
199			769			0.12993189437325778
199			577			0.1265768740509779
200			821			0.4641698805474069
200			1029			0.35288815413415686
200			467			0.2909657217098376
200			1236			0.24024294748447944
200			147			0.16243712667058588
200			267			0.16223713742944318
200			1285			0.15451056620793527
200			305			0.14886137351612713
200			1182			0.1453258716744364
200			1006			0.14185116528353037
201			306			0.48229375514749817
201			1205			0.24531295669090444
201			683			0.22899283192695907
201			246			0.223606797749979
201			602			0.1980563108700579
201			1037			0.1925904798009454
201			671			0.18754064132247972
201			528			0.16307141041523593
201			54			0.16098670724372074
201			973			0.15916388244383106
202			519			0.24048784103082166
202			1174			0.20229920651913852
202			1122			0.16610755074079475
202			331			0.1631334314348597
202			363			0.1621162785606014
202			933			0.16046730835294765
202			1265			0.15847158798594907
202			670			0.15516543542071384
202			898			0.15324760930270453
202			76			0.15233270470352078
203			450			0.17799383413951805
203			670			0.170822064449659
203			357			0.16957791606810038
203			198			0.16288548497367822
203			1160			0.16123536757619417
203			76			0.1543824206624625
203			519			0.14697573157281352
203			898			0.1364704795617201
203			1214			0.13067198258406862
203			938			0.13008457354283326
204			788			0.2584008896511824
204			555			0.2236124547452903
204			1283			0.16525599175745842
204			292			0.1565185433200069
204			145			0.15216464466339957
204			775			0.1511927288879396
204			967			0.14840054218447085
204			963			0.14622466285358873
204			15			0.14479717443160142
204			898			0.14090368146477428
205			502			0.2749212451957325
205			111			0.2008568317710047
205			890			0.20007222516558187
205			1317			0.19932088270822382
205			1086			0.1606785149222923
205			800			0.15576805317778403
205			788			0.1531419980898565
205			19			0.14872198834086398
205			860			0.14477256676234884
205			1140			0.14299427094565093
206			637			0.4048564693884504
206			951			0.1932832564800298
206			929			0.17770222066038863
206			363			0.1709324853918208
206			1382			0.16161734113592563
206			393			0.15189462972251166
206			81			0.15178766142614197
206			237			0.1443988248360949
206			507			0.14350272389431645
206			297			0.14335443167126025
207			794			0.18257579818557934
207			1373			0.18237165493790777
207			818			0.16581697352938943
207			1156			0.14189631023038635
207			1361			0.13806709917730026
207			1381			0.13270517936273635
207			605			0.13190735866484954
207			255			0.1271208085368516
207			327			0.12350314941363137
207			994			0.12233114571608547
208			539			0.7219421915312987
208			85			0.38111105660136746
208			437			0.3139637293682122
208			279			0.2094507878482419
208			999			0.1841796820828169
208			774			0.18388550296589573
208			827			0.15877963888957214
208			561			0.1481689662301578
208			682			0.14597262119720472
208			728			0.14173615094583436
209			788			0.31162231217344877
209			260			0.21166524061304348
209			146			0.20179398252586767
209			1317			0.19666396010969062
209			305			0.1888813503623748
209			827			0.18810776136015964
209			1395			0.18060165233467712
209			327			0.1759560166400853
209			1301			0.17017466177480614
209			988			0.16829578274206025
210			1186			0.3928518330052289
210			1092			0.28891584277438515
210			943			0.23298193468315614
210			502			0.20776125081647562
210			699			0.1964304111333452
210			545			0.1871331803035411
210			826			0.18324237308865854
210			1171			0.1780451090594084
210			1175			0.17300510321929632
210			117			0.16511711388734968
211			650			0.24337011838491113
211			826			0.23003674958819162
211			1006			0.21348542173760957
211			577			0.1924088126651861
211			699			0.192012977766035
211			718			0.15625958542303228
211			400			0.1545487045215473
211			369			0.1526686227878397
211			545			0.15115730937839184
211			1154			0.14960315775705896
212			472			0.37918623910631033
212			389			0.3294802957057742
212			885			0.2852301942396173
212			718			0.20256253931146856
212			521			0.18710243190869508
212			518			0.18531449111652548
212			251			0.18393754510187937
212			577			0.17001649744082747
212			400			0.1698917803704726
212			1129			0.1679355749388408
213			885			0.22652720117979874
213			1129			0.21417139311926237
213			95			0.20528160523663705
213			577			0.18148614266582852
213			1240			0.18115793052468804
213			518			0.1797775868159135
213			359			0.17778768428448677
213			751			0.17198910800637968
213			251			0.17084541168028403
213			1189			0.16812541526455477
214			1384			0.3424716821085359
214			958			0.2173313328022061
214			923			0.18622443604019182
214			896			0.18291410223485563
214			247			0.1778680777047598
214			88			0.17591753026851584
214			1041			0.17250994435462041
214			90			0.17125773493702315
214			957			0.17029040928767722
214			255			0.17028714941903092
215			705			0.22695190380085295
215			939			0.2263831945186202
215			306			0.1814614317562244
215			1229			0.1795768711892614
215			671			0.17765216994310304
215			89			0.1594343073861177
215			1232			0.15465653008751806
215			1350			0.15431478858828088
215			636			0.14924706523326092
215			1399			0.1490934320414147
216			108			0.2746373316233649
216			759			0.19828603351689797
216			794			0.1702011132737837
216			70			0.16104064318562372
216			659			0.1598398597981964
216			687			0.15430597381751596
216			1155			0.1478072773287847
216			484			0.147387374534377
216			1372			0.14523756444634045
216			1163			0.1437206756760795
217			671			0.18798695312369823
217			946			0.1872167709496049
217			306			0.17702938056741102
217			258			0.16969723980151555
217			649			0.15018098114909512
217			484			0.14736374599348928
217			729			0.1443555412479062
217			450			0.1426595957003589
217			98			0.14032394544216004
217			1340			0.13997442965717574
218			1142			0.2239468692821435
218			466			0.18955802437224
218			671			0.17393003995788747
218			141			0.17389078705428354
218			450			0.15389151007687524
218			930			0.14671042200693646
218			649			0.1465109667830644
218			664			0.14642961359264706
218			34			0.13659835229865094
218			626			0.13381633647384705
219			139			0.1784231885532571
219			794			0.1722252978612488
219			1317			0.16797500160452006
219			309			0.15401412883322585
219			745			0.14842348430692284
219			122			0.1480157881879954
219			1373			0.14649270561324776
219			305			0.1443330965849311
219			933			0.14256641167024242
219			671			0.14100187882736995
220			467			0.19577639416591303
220			1184			0.1816844756264906
220			505			0.16371624564310536
220			671			0.16145138340532764
220			1301			0.16007775805972124
220			108			0.15097086495290468
220			788			0.14951051982753594
220			157			0.14932690964398096
220			702			0.1476362870705372
220			446			0.14401066818945002
221			788			0.19121177920468052
221			108			0.18460846463282027
221			467			0.17523354841741362
221			914			0.1726047309013979
221			256			0.16624547960235792
221			1184			0.16422632603473325
221			1203			0.16264228641340184
221			425			0.16033152008766183
221			309			0.15692933816353544
221			641			0.15465059843367895
222			891			0.2952287816364354
222			1363			0.26595762329030986
222			329			0.2649564024963211
222			273			0.2518461733461065
222			353			0.20389499859072358
222			943			0.1528230603351704
222			1171			0.14291007404659692
222			261			0.13904589009896076
222			989			0.13349368770080217
222			980			0.12907917700385152
223			1344			0.2888505362147794
223			891			0.2400361134868033
223			358			0.22544759807850073
223			353			0.20569246981711448
223			546			0.16366684902307327
223			329			0.1636574003422485
223			943			0.16330104827597114
223			989			0.14952309909353564
223			1171			0.14782351430581012
223			827			0.14017948084402118
224			1188			0.19424899564626863
224			1071			0.185482685842973
224			600			0.18441287909940107
224			1235			0.18140445884724915
224			560			0.1798291534273555
224			411			0.17403978449279184
224			1172			0.17138062413285673
224			1205			0.16701675763041507
224			671			0.16663077696132625
224			1163			0.1632919103551446
225			364			0.2763362646096509
225			1213			0.2557584791165694
225			198			0.23632827029919004
225			393			0.2083559172757724
225			539			0.18108558546437362
225			15			0.1748177085328882
225			331			0.17481726125557784
225			153			0.16421820044511015
225			973			0.1626501517508356
225			1140			0.15614255182476208
